33334523 166622884 362428898 382544317 504790065 670338561 745117386 857748131 875334421 903486380 943455602 951426046 1037918752 1076041676 1120713024 1170024849 1199195009 1280491811 1400325867 1466350222 1563760413 1617173940 1639819975 1933281601 1961011513 2002237245 2043545517 2091417175 2109941572
166622884 362428898 382544317 504790065 670338561 745117386 857748131 875334421 903486380 943455602 951426046 1037918752 1076041676 1120713024 1170024849 1199195009 1280491811 1400325867 1466350222 1563760413 1617173940 1639819975 1933281601 1961011513 2002237245 2043545517 2091417175 2109941572
362428898 382544317 504790065 670338561 745117386 857748131 875334421 903486380 943455602 951426046 1037918752 1076041676 1120713024 1170024849 1199195009 1280491811 1400325867 1466350222 1563760413 1617173940 1639819975 1933281601 1961011513 2002237245 2043545517 2091417175 2109941572
382544317 504790065 670338561 745117386 857748131 875334421 903486380 943455602 951426046 1037918752 1076041676 1120713024 1170024849 1199195009 1280491811 1400325867 1466350222 1563760413 1617173940 1639819975 1933281601 1961011513 2002237245 2043545517 2091417175 2109941572
504790065 670338561 745117386 857748131 875334421 903486380 943455602 951426046 1037918752 1076041676 1120713024 1170024849 1199195009 1280491811 1400325867 1466350222 1563760413 1617173940 1639819975 1933281601 1961011513 2002237245 2043545517 2091417175 2109941572
670338561 745117386 857748131 875334421 903486380 943455602 951426046 1037918752 1076041676 1120713024 1170024849 1199195009 1280491811 1400325867 1466350222 1563760413 1617173940 1639819975 1933281601 1961011513 2002237245 2043545517 2091417175 2109941572
745117386 857748131 875334421 903486380 943455602 951426046 1037918752 1076041676 1120713024 1170024849 1199195009 1280491811 1400325867 1466350222 1563760413 1617173940 1639819975 1933281601 1961011513 2002237245 2043545517 2091417175 2109941572
857748131 875334421 903486380 943455602 951426046 1037918752 1076041676 1120713024 1170024849 1199195009 1280491811 1400325867 1466350222 1563760413 1617173940 1639819975 1933281601 1961011513 2002237245 2043545517 2091417175 2109941572
875334421 903486380 943455602 951426046 1037918752 1076041676 1120713024 1170024849 1199195009 1280491811 1400325867 1466350222 1563760413 1617173940 1639819975 1933281601 1961011513 2002237245 2043545517 2091417175 2109941572
903486380 943455602 951426046 1037918752 1076041676 1120713024 1170024849 1199195009 1280491811 1400325867 1466350222 1563760413 1617173940 1639819975 1933281601 1961011513 2002237245 2043545517 2091417175 2109941572
943455602 951426046 1037918752 1076041676 1120713024 1170024849 1199195009 1280491811 1400325867 1466350222 1563760413 1617173940 1639819975 1933281601 1961011513 2002237245 2043545517 2091417175 2109941572
951426046 1037918752 1076041676 1120713024 1170024849 1199195009 1280491811 1400325867 1466350222 1563760413 1617173940 1639819975 1933281601 1961011513 2002237245 2043545517 2091417175 2109941572
1037918752 1076041676 1120713024 1170024849 1199195009 1280491811 1400325867 1466350222 1563760413 1617173940 1639819975 1933281601 1961011513 2002237245 2043545517 2091417175 2109941572
1076041676 1120713024 1170024849 1199195009 1280491811 1400325867 1466350222 1563760413 1617173940 1639819975 1933281601 1961011513 2002237245 2043545517 2091417175 2109941572
1120713024 1170024849 1199195009 1280491811 1400325867 1466350222 1563760413 1617173940 1639819975 1933281601 1961011513 2002237245 2043545517 2091417175 2109941572
1170024849 1199195009 1280491811 1400325867 1466350222 1563760413 1617173940 1639819975 1933281601 1961011513 2002237245 2043545517 2091417175 2109941572
1199195009 1280491811 1400325867 1466350222 1563760413 1617173940 1639819975 1933281601 1961011513 2002237245 2043545517 2091417175 2109941572
1280491811 1400325867 1466350222 1563760413 1617173940 1639819975 1933281601 1961011513 2002237245 2043545517 2091417175 2109941572
1400325867 1466350222 1563760413 1617173940 1639819975 1933281601 1961011513 2002237245 2043545517 2091417175 2109941572
1466350222 1563760413 1617173940 1639819975 1933281601 1961011513 2002237245 2043545517 2091417175 2109941572
1563760413 1617173940 1639819975 1933281601 1961011513 2002237245 2043545517 2091417175 2109941572
1617173940 1639819975 1933281601 1961011513 2002237245 2043545517 2091417175 2109941572
1639819975 1933281601 1961011513 2002237245 2043545517 2091417175 2109941572
1933281601 1961011513 2002237245 2043545517 2091417175 2109941572
1961011513 2002237245 2043545517 2091417175 2109941572
2002237245 2043545517 2091417175 2109941572
2043545517 2091417175 2109941572
2091417175 2109941572
