1037918752 1466350222
1
sift 101
92 105
259 352
2 4
158 167
58 89
25 30
149 119
368 527
34 54
300 664
950 2011
42 46
192 200
967 1267
89 93
1186 1624
97 96
235 186
959 2287
139 160
2246 4161
196 147
565 460
233 219
285 293
704 772
330 336
346 328
975 838
488 307
575 441
1037 1332
506 518
550 494
1197 1223
521 792
856 450
1120 1640
618 691
606 771
1462 1179
768 951
781 926
1353 1352
780 972
986 786
1368 1493
840 1078
769 1224
1454 2179
899 1445
864 1699
1623 1883
1436 823
1149 1264
1576 2078
1094 1385
1437 1101
1573 2260
1342 1869
1467 1729
2365 1504
1664 1581
1421 1966
2002 1833
1608 1757
1782 1649
2092 2257
1752 1762
1800 1731
2385 3005
1313 2965
1649 2239
2506 3195
1779 2013
1721 2410
3498 3992
1647 2544
2005 1967
1682 2538
2170 1879
1878 2506
1637 3209
1634 3540
1999 2509
1789 3446
1943 2914
2076 3020
1961 3402
2612 2310
2701 2485
2535 2830
2661 2652
2434 3186
2402 3498
2425 3513
3447 2593
2710 4175
2851 3911
3324 3352
3759 3577
1037918752 1617173940
1
sift 90
30 33
313 240
14 9
844 670
22 13
207 208
1492 1269
25 15
1006 823
70 45
386 239
89 65
1069 777
139 113
454 312
196 110
1212 815
169 128
480 348
346 187
1444 1071
330 226
597 353
506 306
1961 966
521 355
1778 1144
606 384
740 340
2180 1497
657 395
641 436
2509 1509
750 403
683 433
3715 1239
803 437
771 475
780 540
955 449
853 517
1012 441
973 590
1140 571
1084 639
936 753
1264 615
1190 673
1117 764
1342 740
1842 641
1876 669
1524 826
1591 814
1752 759
1888 723
1608 892
1779 932
2241 1018
2228 1368
2761 1169
2851 1149
3152 1129
2903 1208
2707 1432
2852 1507
2706 1764
3234 1546
3971 1629
3739 1876
3924 1858
3960 1848
4102 1812
3815 1937
3999 1932
4104 1902
4159 1913
4226 1905
4105 1968
4174 1938
4182 1964
4204 1986
4150 2015
4237 2018
4310 2007
4589 1882
4292 2020
4475 1945
4258 2054
4561 2052
1037918752 2002237245
1
sift 85
61 49
107 277
129 214
156 256
206 374
211 367
220 392
240 378
217 457
244 406
232 452
257 453
252 474
284 606
356 545
352 625
393 745
431 684
390 793
398 790
419 834
369 941
467 843
548 797
512 1007
577 1084
461 1568
535 1399
705 1044
610 1426
650 1536
719 1449
736 1477
696 2066
743 1887
773 2313
921 2036
934 2189
958 2375
1059 2409
1209 2232
1136 3122
1295 2632
1271 2883
1482 2558
1245 3225
1606 2579
1324 3342
1341 4089
1554 3742
1636 3631
1562 3841
2125 3146
1670 4045
1820 4099
1566 4772
2713 3095
1644 4762
1848 4763
2221 4130
2446 4049
1612 6991
1681 6836
2115 4618
2603 3978
2036 6512
2116 6418
2797 4233
2431 6266
2503 6272
2109 6980
2450 6818
2532 6913
2602 7130
3038 6657
3110 6707
2820 7066
2657 7406
2984 7155
3289 6975
2700 8134
2546 8632
3692 7207
3602 8193
3205 8754
