1076041676 1170024849
1
sift 211
51 51
58 52
326 320
73 68
126 61
384 327
71 115
130 109
372 348
141 124
146 130
291 484
224 197
289 242
376 357
310 270
351 271
409 383
412 258
408 267
432 408
439 310
394 378
430 425
379 485
484 437
442 446
467 440
514 443
546 540
545 423
536 515
550 672
652 556
705 794
601 615
694 557
1127 819
732 564
762 630
1188 778
716 674
819 688
1040 881
683 860
899 711
1229 874
942 739
862 793
1160 933
748 963
1119 724
1175 932
877 846
955 797
1286 973
1198 752
1026 887
1236 1081
1234 781
1314 774
1247 1108
1150 918
1121 1039
1635 1027
1212 1003
1812 812
1663 1094
1353 993
1581 900
2367 1007
1563 944
1455 1121
1684 1460
1558 1295
1680 1196
2177 1231
1787 1193
1719 1222
2269 1199
1686 1303
1957 1204
2605 1226
2010 1249
2102 1241
2062 1498
1648 1569
1920 1432
2189 1442
2187 1329
2089 1389
2309 1422
1705 1664
2705 1327
2073 1701
2469 1573
3078 1376
2442 1634
2700 1574
2811 1540
3152 1650
2587 1642
2871 1606
2588 1946
2427 1814
2540 1765
3527 1749
3120 1552
2834 1718
6986 1333
2610 1841
2861 1727
3137 2018
2911 1856
3131 1825
2645 2422
3298 1778
3316 1893
6777 1391
3054 2093
3791 1774
4486 1639
7655 1353
3764 1962
5945 1950
3282 2261
3575 2113
6057 1874
3244 2372
4357 1829
3559 2361
3654 2293
3399 2463
3557 2460
3658 2311
3938 2276
4327 2115
3573 2598
4081 2265
3624 2588
3852 2393
3807 2437
4380 2105
4196 2196
3851 2435
3625 2750
4348 2235
4046 2428
4456 2183
4182 2365
4269 2442
4277 2504
4014 2649
3878 2800
6698 2204
4468 2550
4492 2549
6947 2262
4194 2815
7079 2192
7354 2327
3501 3554
4312 2850
6785 2594
4434 2810
4225 3011
6382 2849
4550 2766
7075 2527
6425 2969
4613 2835
4816 2684
6808 2827
4411 3110
6943 2658
6757 2908
4579 3062
5115 2666
7400 2895
6384 3451
5015 2896
6928 3461
6440 3507
6635 3385
7642 3024
4953 3280
5014 3541
7280 3525
4825 3869
5176 3345
7724 3544
4960 3920
5119 3767
8403 3337
6893 4739
7223 4134
7723 4161
5114 4359
5125 4401
7719 4217
5203 4301
4957 5037
7973 4398
8685 4043
8215 4241
8855 3966
8950 4082
9255 3919
9404 5000
8749 4396
9280 5071
1076041676 1933281601
1
sift 241
282 197
305 244
407 312
349 253
482 348
547 320
480 383
529 351
507 416
568 349
530 403
572 404
563 385
585 376
740 499
551 412
616 408
789 510
650 472
776 467
813 513
731 495
741 494
978 581
833 530
812 547
1027 596
849 528
799 585
1137 588
925 539
887 565
1184 634
1014 591
963 628
1213 656
976 630
1046 621
1377 734
986 650
1024 684
1587 710
1126 716
1203 732
1514 803
1217 759
1453 820
1515 812
1583 825
1623 809
1584 858
1474 895
1527 869
1657 854
1613 931
1638 936
2079 799
1640 949
2155 818
1770 956
1646 980
1750 970
1799 986
1710 1059
2043 943
2323 999
1843 1071
2049 985
2445 1083
2093 1003
2516 922
2200 1290
2131 1014
2126 1021
2608 1142
2036 1081
2266 984
5700 1214
1785 1294
2487 952
2860 1337
2041 1224
2140 1183
5702 1312
2278 1134
2259 1147
3039 1676
2462 1112
1614 1797
5826 1748
2290 1245
2363 1226
6084 1861
2339 1268
2498 1204
5917 2083
2994 1025
2680 1168
5967 2051
2831 1137
2534 1283
6040 1985
2817 1271
2672 1335
6143 1968
2440 1428
2753 1354
6245 2165
2792 1369
2968 1322
6628 2007
3050 1324
2864 1394
6242 2297
2533 1693
3048 1452
6746 2170
3008 1493
2910 1565
6804 2160
5734 1517
3071 1647
6409 2423
5738 1521
5914 1311
6285 2514
5739 1578
5699 1704
7185 2207
5748 1624
5765 1608
6603 2542
5813 1658
5910 1538
6634 2577
5785 1837
5720 2016
6989 2400
5831 1802
5786 1880
7108 2565
6004 1679
5885 1807
7725 2672
5750 2052
5890 1838
7598 2854
5997 1746
5941 1864
7521 2906
6107 1719
6082 1788
8300 2711
6085 1794
5916 1977
7500 3057
6271 1773
5852 2156
8167 2779
6140 1895
6026 2018
8897 3130
5903 2153
6451 1762
5963 2132
5985 2096
6103 1981
6288 1917
6124 2059
6071 2123
6061 2185
5990 2331
6131 2209
6278 2139
6279 2148
7009 1858
6623 2012
6347 2197
6567 2097
6303 2326
6565 2174
6472 2227
6863 2038
6422 2283
6599 2253
6385 2431
6467 2368
6659 2261
7064 2080
6259 2713
6937 2265
7220 2191
7316 2159
6581 2573
6545 2628
6843 2481
6945 2445
6784 2561
6195 3094
7461 2314
7177 2456
7017 2564
6932 2618
6908 2656
6948 2654
7453 2488
7517 2500
6680 2957
7658 2533
6573 3185
7580 2647
7207 2894
7161 2953
8373 2465
6886 3144
7836 2718
7672 2839
7775 2810
8419 2608
7623 2913
7728 2882
9236 2409
7251 3142
7068 3276
7879 2981
7408 3231
8860 2700
8473 2858
8729 2808
7968 3181
7668 3386
8042 3286
7947 3334
8283 3249
7952 3402
9240 2991
8783 3367
9446 3166
9557 3215
9218 3383
9256 3472
