1120713024 1199195009
1
sift 95
161 70
6 7
13 23
951 547
16 18
618 673
32 28
62 82
805 893
33 30
1265 979
39 31
78 105
1088 1230
42 46
1504 1019
56 44
218 229
1699 1126
53 49
1581 1276
58 64
262 237
1505 1323
79 74
1708 1264
85 87
307 308
1623 1326
92 94
1792 1449
94 104
372 445
2119 1410
125 150
1542 1742
169 126
504 345
1942 1590
182 165
2036 1585
176 172
411 433
2196 1801
209 161
2139 1969
258 163
437 426
2242 2380
179 233
174 282
477 456
271 210
270 251
544 521
283 247
235 320
474 608
419 324
330 428
621 544
363 446
379 483
529 613
449 467
533 419
716 733
980 363
479 693
920 1553
547 681
660 647
1463 2170
619 695
672 686
1427 2286
648 762
633 903
2090 2459
818 874
1097 757
956 949
1132 863
996 1092
1539 882
1058 1236
1512 1039
1476 1414
1578 1433
1527 1501
1560 1709
1720 1554
1717 2013
2111 1910
1764 2363
1120713024 1933281601
1
sift 55
104 163
129 208
150 249
171 286
221 371
447 466
405 537
385 639
453 798
536 849
654 1462
754 1276
728 1492
875 1585
864 1857
1070 1709
1008 1836
1184 1690
1025 2140
1109 2005
1147 1952
1123 2067
1161 2168
1212 2146
1151 2316
1267 2142
1232 2313
1213 2492
1574 2019
1364 2332
1348 2370
1361 2354
1314 2453
1354 2397
1390 2353
1277 2592
1453 2294
1498 2295
1385 2578
1489 2405
1566 2350
1416 2620
1541 2531
1562 2511
1577 2539
1636 2490
1685 2819
1491 3345
1538 3347
1582 3325
2057 2781
1838 3041
1975 2908
2141 2774
2202 3169
