1199195009 2091417175
1
sift 272
92 52
95 64
97 63
129 67
106 82
148 65
151 76
183 90
177 96
185 98
175 120
225 94
236 121
249 127
259 135
248 148
262 149
275 158
213 211
292 155
284 205
332 195
403 212
457 210
465 225
429 233
422 278
501 237
500 260
407 488
561 236
539 294
606 323
599 344
573 440
672 318
533 509
527 519
658 376
571 485
589 480
624 455
708 383
691 436
551 576
671 450
625 532
801 442
704 507
629 575
602 619
703 522
627 592
648 572
760 499
731 516
633 624
799 493
612 655
710 601
830 508
669 631
705 614
775 558
718 618
794 549
856 521
855 536
711 667
730 661
676 735
806 622
835 612
745 706
779 679
781 722
872 664
923 635
861 684
870 686
963 620
925 644
1026 610
983 625
807 749
833 736
784 825
1010 669
840 779
816 841
1150 666
831 871
839 911
832 934
1134 719
873 878
941 821
919 858
1098 748
867 957
1029 823
973 872
1058 833
1231 769
1078 866
1023 949
1112 967
1237 877
1130 999
1178 981
1151 996
1101 1031
1224 973
1053 1093
1256 980
864 1409
1186 1037
1229 1020
1255 1007
1329 988
1337 993
1118 1177
1490 946
1212 1097
1104 1236
1173 1150
1333 1033
1268 1090
1168 1201
1215 1174
1241 1161
1269 1141
1196 1260
1318 1146
1250 1250
1396 1109
1267 1289
1374 1199
1298 1288
1402 1202
1609 1085
1434 1197
1364 1266
1446 1217
1452 1209
1344 1343
1533 1188
1529 1198
1320 1375
1198 1562
1568 1257
1512 1320
1556 1306
1706 1234
1882 1143
1577 1335
1492 1405
1275 1633
1309 1585
1755 1278
1543 1403
1958 1168
1315 1611
1796 1302
1879 1246
1861 1264
1371 1598
2123 1125
1599 1418
1581 1432
1571 1456
1677 1387
1733 1359
1400 1607
1595 1467
1357 1713
1527 1530
1885 1345
1717 1461
1636 1513
1756 1452
1685 1491
1710 1484
2214 1253
1681 1526
1984 1365
1597 1619
1746 1550
1769 1543
1659 1670
1827 1572
1765 1623
1561 1835
2101 1430
2036 1468
2147 1421
1974 1502
1754 1693
1880 1591
1644 1861
1945 1574
1790 1712
1627 1891
1537 2011
2033 1540
2009 1549
1896 1650
1833 1766
1930 1658
2172 1545
2315 1509
1850 1846
1914 1767
1917 1818
1824 1958
1987 1728
2194 1641
2038 1752
2440 1557
1903 1971
2375 1644
2525 1586
2401 1648
1976 1968
2559 1595
2415 1676
2158 1841
2341 1717
2521 1631
2198 1838
1923 2091
2330 1743
2016 2005
2085 1962
1658 2515
2381 1793
2612 1647
2359 1869
2334 1912
2331 1923
2246 1996
2550 1777
2221 2032
2634 1726
2285 2058
2360 2018
2583 1894
2586 1910
2637 1795
2367 2078
2641 1865
2510 2066
2424 2137
2346 2180
2436 2127
2030 2501
2093 2457
2451 2190
2361 2256
2571 2108
2351 2263
2518 2175
2301 2341
2142 2542
2160 2564
2488 2316
2482 2384
2122 2817
2426 2680
2610 2464
2403 2789
2651 2475
