1280491811 2091417175
1
sift 56
227 290
259 310
116 220
2148 1229
952 202
85 880
325 346
410 960
272 1322
375 2655
289 406
609 758
809 876
2123 613
912 2931
565 794
605 786
1211 1291
1798 819
1264 1886
800 754
937 775
2491 853
1524 1571
1538 1888
1015 848
1102 918
1375 2037
1506 2278
1417 2281
1249 1193
1263 1255
1670 1852
1987 1555
2219 2863
1438 1133
1429 1183
1869 1898
1963 1578
1370 1304
1489 1311
2174 2329
2692 1292
1441 1438
1654 1450
2462 2516
1846 1938
1976 1720
1977 1976
1841 2231
2465 1661
2011 2179
2444 2144
1865 2612
2700 2959
2778 1787
