1400325867 1563760413
1
sift 159
138 134
136 121
5776 2415
176 127
194 166
256 220
220 190
257 207
521 430
352 242
322 274
678 488
365 309
405 317
658 727
387 330
345 400
719 669
377 394
417 414
783 725
490 433
460 478
1102 713
519 419
533 458
1702 2386
540 497
538 525
2151 2162
565 509
545 534
4085 3809
603 495
589 536
582 574
593 576
544 628
737 490
632 618
652 636
567 767
655 663
650 689
855 545
768 670
738 721
666 886
848 741
939 693
735 961
901 745
971 751
925 969
1040 869
1067 979
1112 931
935 1129
948 1119
1127 1040
1180 1112
1401 954
1255 1172
1333 1141
1518 1075
1368 1207
1325 1269
1363 1289
1390 1296
1291 1464
1540 1205
1270 1568
1019 2211
1533 1307
1316 1606
1744 1173
1385 1635
1494 1496
1526 1682
1706 1539
1375 1941
1851 1535
1626 1765
1675 1813
1662 1831
2031 1663
1783 1914
1836 1919
1733 2062
1757 2050
2072 1791
2502 1572
1779 2212
1916 2146
2291 2066
2262 2113
1812 2625
1963 2641
1591 3292
2304 2403
2460 2296
2396 2439
2544 2341
2203 2612
2800 2329
2576 2552
2657 2514
1895 3498
3213 2228
2696 2585
3263 2305
2376 3094
3248 2464
2939 2668
3127 2580
2691 3025
2686 3040
3425 2622
2734 3120
2724 3187
2673 3249
2930 3041
2986 3044
3016 3046
2842 3376
3120 3154
3092 3233
3294 3103
3216 3188
3071 3355
3432 3193
3260 3394
3499 3212
3470 3252
4065 2864
3628 3173
3304 3487
3037 3921
3172 3757
4447 2853
3860 3330
3282 3834
3680 3543
4290 3244
3743 3897
4731 3347
4275 3742
5016 3380
4089 4093
3793 4468
4488 3835
5859 2978
4586 3843
4335 4146
4351 4274
4750 3977
5327 4173
4904 4561
5188 4775
1400325867 2002237245
1
sift 121
135 234
169 198
164 210
201 215
256 420
290 374
336 367
288 533
427 457
300 687
569 582
647 543
443 776
439 790
507 686
570 681
521 772
532 864
599 830
668 786
615 837
624 875
529 1027
819 810
1062 819
658 1179
932 918
719 1105
614 1316
1060 1018
783 1366
1102 1090
982 1233
1056 1180
945 1289
1114 1163
856 1556
1104 1312
861 1621
1177 1309
930 1569
955 1561
1079 1484
1383 1283
1229 1477
1531 1303
1500 1400
1422 1459
1379 1663
1557 1633
1458 1720
1620 1617
1277 1975
1837 1568
2213 1476
1660 1859
1477 2124
1371 2310
1527 2208
2040 1913
1599 2369
2246 2066
1702 2573
1946 2418
1405 3337
2526 2106
2240 2427
2229 2509
2162 2690
2138 2845
2295 2774
2420 2656
2590 2595
2216 3007
2785 2500
2413 2923
3129 2400
2347 3033
2375 3255
3270 2652
2921 2903
3644 2585
3532 2636
3821 2517
2878 3245
2316 3985
3774 2798
3312 3068
3333 3054
2857 3455
3244 3273
2255 4481
2558 4049
2699 3871
2510 4302
2606 4237
3073 3635
2794 4108
3311 3780
3340 3838
3400 4099
3028 4496
2769 4811
3676 4098
3397 4507
3929 4343
3838 4617
3557 6359
4490 4540
4787 4525
3988 6696
4171 6624
4900 4674
4901 4686
4718 4826
3657 7349
4450 6953
5547 7189
5718 7105
5320 7665
5417 8789
