1466350222 1617173940
1
sift 115
424 325
89 63
14 8
468 240
2105 879
29 13
805 430
30 15
441 300
2381 1091
61 51
1248 667
57 56
582 366
3620 1591
93 65
1907 642
123 61
1251 704
109 107
2018 972
137 118
3402 966
160 113
3592 1184
211 104
3535 1061
227 110
2758 1519
241 129
2870 1742
293 172
3505 1533
312 170
2896 1731
328 187
3075 1790
432 188
3152 1920
351 241
3495 1818
480 210
3204 1975
437 244
3915 1768
617 234
3742 1843
712 227
3758 1875
636 254
3839 1993
706 253
3966 2043
518 306
806 258
926 262
572 387
792 355
776 377
771 384
1051 403
660 534
790 488
2118 374
769 633
781 631
959 575
1906 445
980 692
1884 478
1180 747
1567 686
1830 658
1581 819
1762 759
1342 936
1869 740
1966 733
2148 738
2953 637
1757 892
2517 719
2071 867
2310 855
2012 933
3692 716
2504 891
2965 828
2273 961
3168 825
3433 837
2933 888
1661 1572
3808 902
2980 981
4076 904
2177 1303
2265 1314
2009 1475
3167 1076
3059 1144
2925 1203
3214 1157
2468 1441
3787 1168
2025 2011
3424 1294
2844 1469
3089 1493
3606 1455
2809 1845
3969 1490
3480 1836
3092 2071
4230 2049
