166622884 875334421
1
sift 76
764 2091
117 258
17 39
82 117
23 41
176 488
22 46
87 219
35 74
353 955
42 92
113 232
60 120
463 1097
88 197
186 378
105 338
516 1203
143 310
427 604
229 261
618 1324
153 382
406 884
281 295
555 1492
183 409
572 962
218 408
596 2021
272 376
604 1057
190 522
682 1826
214 483
533 1242
223 532
708 1781
434 475
630 1488
255 809
857 1772
559 481
709 1431
298 744
296 832
637 1658
360 688
319 767
694 1606
295 866
397 694
912 1532
410 760
312 999
387 824
376 843
433 927
355 1108
538 898
536 975
564 964
626 1003
634 1001
487 1349
615 1142
683 1099
806 997
839 976
621 1286
852 1084
809 1186
760 1233
631 1439
830 1381
800 1548
