1961011513 2091417175
1
sift 59
73 89
42 39
45 41
509 535
77 81
88 104
1102 1013
105 123
395 353
2019 2657
416 366
368 397
2203 2682
366 398
536 411
548 523
745 675
836 633
806 798
858 845
944 757
977 958
1066 882
1223 804
1167 954
1127 1008
1187 1019
1284 990
1120 1160
1082 1263
1189 1206
1336 1459
1432 1369
1417 1398
1599 1270
1546 1566
1586 1624
1761 1504
1626 1665
1457 2079
1778 1680
1782 1688
1716 1811
1480 2385
1903 1813
1794 2022
1842 2055
1625 2430
1985 1933
1766 2372
1897 2412
1647 2937
2039 2359
2095 2413
1975 2630
1994 2686
2233 2531
2112 2936
2227 2970
