33334523 875334421
1
sift 116
3 0
18 16
50 39
64 41
174 117
65 63
320 219
224 90
407 232
243 104
768 378
262 190
511 338
395 226
772 488
466 260
588 353
631 286
940 604
600 300
1178 721
532 324
1084 770
490 414
1665 673
614 361
1240 884
633 408
1243 960
708 448
1288 990
946 382
1599 955
591 543
1566 1046
786 443
2019 945
663 505
1965 1097
879 466
1533 1269
848 522
2091 1197
1049 462
1791 1272
937 510
1759 1371
950 531
2333 1107
928 555
2205 1242
800 623
2235 1209
866 725
2243 1270
847 760
2188 1288
1417 556
1855 1639
989 706
1948 1502
838 838
2005 1570
1114 686
2184 1400
1526 610
2175 1472
1212 724
2596 1441
994 843
1155 873
2495 1627
1355 804
1458 767
2328 1740
1280 855
1245 899
791 1426
1624 744
1407 852
1162 1015
1124 1054
1358 890
1953 730
1585 834
1279 1001
1637 831
1516 874
1604 847
1768 832
1344 1078
1276 1142
1579 1033
1562 1058
1868 980
1709 1061
1913 1003
1569 1195
1829 1186
1946 1146
1676 1287
1348 1583
1966 1227
2403 1233
2143 1379
2329 1326
2120 1491
2567 1313
2282 1522
2298 1548
2226 1768
2528 1653
2455 1829
2519 1868
2561 1904
2570 2076
33334523 1170024849
1
sift 61
161 290
50 102
18 44
706 2782
174 457
24 66
196 268
970 3771
65 164
2261 3712
1045 3446
79 128
154 450
1026 4253
275 359
1243 4493
254 311
409 667
1542 3813
269 619
1871 3290
665 616
486 996
1855 4791
440 1107
528 1084
566 1233
368 3453
776 1132
688 2164
888 2108
758 1994
836 1818
847 2674
713 2484
1680 1412
948 2433
943 2397
1034 2544
1407 2809
1374 2576
1561 2317
1202 3606
1365 3078
2164 2563
1569 3042
1344 3695
1499 3664
2500 3213
2555 2481
1345 4658
2135 3702
1608 3823
1764 3738
1767 4947
2147 4164
2131 4331
2064 4556
2384 4571
2380 5089
2194 4929
