362428898 1076041676
1
sift 188
1555 1473
487 4007
158 140
934 1158
3851 4401
163 139
6366 4618
254 118
1881 1364
4490 4050
224 175
4560 4928
341 440
2144 2064
8235 4955
437 346
4758 5091
519 429
2669 2770
9470 5307
393 590
9200 5348
488 697
4784 8565
5101 5378
638 618
5103 5501
574 856
5122 5506
570 859
5193 5564
554 908
575 1015
611 952
648 988
642 1006
615 1112
755 1007
932 837
1139 864
1024 1243
1380 901
1249 1093
1188 1214
896 1796
1132 1566
1205 1466
1094 1787
1315 1417
1335 1425
1107 1984
1304 1607
1311 1647
1264 1916
1330 1874
1194 2354
1611 1538
1308 2146
2527 1192
1318 2258
2001 1401
1267 2700
1764 1654
1682 1826
1574 2169
1579 2222
1507 2586
1557 2632
2338 1658
1545 2733
2177 1768
1781 2221
1739 2346
2498 1676
2193 2033
1936 2332
2709 1781
2912 1759
2536 1999
2915 2028
1758 3340
1726 3784
1829 3515
2768 2381
2004 3270
2105 3218
2633 2799
1880 3984
1981 3846
2734 3007
2323 3413
3883 2285
3727 2476
3689 2653
2317 4081
2167 4312
2070 4448
2694 3678
3560 2984
2807 3607
2469 4032
2869 3534
2692 5877
5588 2816
2315 4381
4176 2597
2386 4341
3836 2985
2634 4087
3224 3395
2745 4010
2554 4320
5681 2996
2301 4593
3399 3387
2433 4571
3186 3738
2605 4471
4406 2754
2760 4428
5945 3142
4398 2879
4074 3220
2933 4361
3598 3727
4225 3233
3996 3915
3737 4260
4548 3202
4168 3911
3580 4505
3322 4652
7029 3367
4061 4212
2948 7424
3327 6907
3977 4487
3688 4704
4599 3592
6514 3999
3768 4740
5381 7170
7343 3899
4041 4719
4405 4373
4072 4782
6548 6471
3516 8319
7810 4267
3966 7645
6662 4645
4077 7431
6671 4697
6287 6944
8670 4203
6475 4852
4263 5044
7169 4691
8471 4476
4307 7528
5011 4110
7895 4699
6895 5042
6505 7688
7362 7394
8065 5013
4927 4640
7074 5266
7358 7745
6780 8251
6931 8276
6751 8536
8424 7413
8220 7626
7148 8763
7121 9088
8563 7897
5177 4793
7811 8688
7544 9209
7516 9286
9207 8085
5228 7093
8489 8937
8502 9460
9977 8776
9425 9616
9875 9788
362428898 1170024849
1
sift 91
147 138
156 201
813 1104
513 707
235 302
357 403
1710 1557
1094 1193
359 418
434 638
1944 2205
1195 1431
442 634
505 706
5515 2190
1267 1574
637 602
552 747
3400 3088
2317 2265
607 702
671 661
5580 3035
2167 2850
631 742
616 790
6096 2891
6407 3436
636 759
713 713
6938 3944
7217 4771
679 772
783 756
7284 4624
771 836
825 830
7329 4924
852 886
859 995
1009 883
1057 866
1012 1002
1101 1137
1146 1129
1163 1261
1274 1117
1312 1228
1302 1415
1268 1672
1444 1439
1512 1450
1381 1735
1436 1690
1541 1589
1536 1599
1503 1746
1668 1581
1362 2044
1791 1533
1918 1614
1800 1732
1806 1745
1922 1694
1913 1808
1826 1934
1909 2122
2680 1864
2158 2287
3082 1772
2585 2034
2520 2248
2492 2352
2313 2707
2553 2535
2771 2407
3227 2400
2749 2822
5275 2845
3314 2804
3681 2764
5437 2905
3568 3081
5495 3177
5746 3087
5787 3219
5731 3368
6011 3405
6881 4079
6415 4817
7678 4511
362428898 2109941572
1
sift 162
101 72
139 92
491 392
161 106
158 114
1928 1160
160 120
231 147
2563 1281
276 194
387 231
2488 1380
440 234
392 265
3165 1755
493 254
410 269
3243 1869
495 287
720 325
3457 2209
676 358
987 355
4283 2583
843 425
994 470
4118 3882
1106 460
1332 487
1746 583
1598 624
1535 661
1644 898
2471 673
1963 813
2190 780
2002 878
1809 1011
2054 859
2038 934
2221 900
2154 922
1817 1162
2621 830
2445 913
2186 1000
2050 1069
2952 863
2641 1036
2747 999
2637 1042
2450 1175
2440 1182
2593 1204
3331 1057
3277 1076
2759 1316
3647 1141
3412 1236
3391 1254
3827 1167
3780 1215
2862 1615
3990 1193
3334 1433
3762 1308
3951 1279
5744 1252
3811 1434
3870 1469
3902 1479
3469 1651
3602 1602
3940 1485
4061 1457
4113 1444
3753 1706
3557 1853
4304 1397
4095 1563
4208 1488
3638 1917
3781 1835
3221 2178
3802 1840
6293 1461
4015 1871
4134 1826
3991 2058
4402 1637
4136 1951
4563 1521
4047 2101
4135 2034
4133 2036
4093 2120
4202 2121
4120 2221
4309 2056
4032 2366
4329 2145
7438 1825
4149 2570
6757 2140
4397 2230
4362 2313
4430 2237
4374 2326
7893 1941
4455 2267
4475 2256
4339 2467
4301 2550
4433 2354
4559 2282
4449 2480
7750 2171
4605 2379
4366 2946
7325 2402
8185 2208
4439 2855
4619 2474
4620 2495
4509 2744
4652 2483
7872 2347
4595 2602
7751 2445
7625 2497
8878 2192
4437 3141
4662 2596
4517 2956
8192 2411
4659 2784
4655 2814
8404 2434
7608 2772
4643 2880
9374 2236
8130 2636
4631 3033
7607 3073
9029 2494
7728 3086
8842 2610
8099 2957
9062 2662
9329 2607
8669 2932
4624 3655
8494 3109
4480 4344
4520 4133
9409 3074
9312 3381
8902 3622
9169 3742
8625 4227
9082 4010
8535 4614
