382544317 1199195009
1
sift 343
60 96
79 107
88 118
98 120
102 148
112 129
103 155
110 151
166 128
131 195
121 176
137 183
132 204
139 185
143 199
161 225
186 218
169 266
189 259
180 249
198 248
206 331
191 277
202 262
228 315
216 276
234 273
230 344
232 292
222 311
211 444
257 343
278 339
295 336
320 337
251 432
326 352
325 395
322 403
299 451
266 487
352 424
348 464
423 402
318 488
388 465
455 422
482 409
419 494
528 407
422 498
394 524
535 512
493 528
463 584
480 561
530 539
545 536
636 493
534 568
469 640
641 527
543 580
597 565
622 571
590 574
570 594
625 573
567 599
549 639
626 619
596 606
613 620
527 731
599 641
595 691
701 596
633 658
805 575
677 624
671 630
688 661
696 625
721 633
629 773
795 589
616 799
735 666
666 727
639 792
670 740
728 718
652 808
765 703
792 711
801 698
708 801
769 746
808 730
693 844
787 782
766 777
846 724
903 708
744 828
764 820
844 779
797 830
799 835
755 898
788 868
929 758
894 781
834 842
707 1035
828 856
909 816
944 807
876 870
892 854
854 901
926 861
1045 785
882 925
956 865
961 851
1019 832
936 912
859 995
867 1004
1031 831
1072 833
774 1209
904 1031
933 963
931 976
725 1407
1004 918
1160 840
941 1010
1167 839
997 953
1037 908
953 1015
991 982
994 983
1327 794
922 1103
1143 904
1034 1059
964 1169
1077 1029
1123 1024
1105 1045
1088 1078
1046 1106
1079 1139
1069 1086
1132 1033
1154 1088
1062 1163
1114 1137
1272 1008
1159 1112
1089 1176
1164 1172
1204 1152
1310 1050
1213 1151
1348 1053
1304 1104
1255 1150
1127 1275
1315 1118
1230 1195
1264 1186
1180 1257
1216 1293
1115 1335
1269 1245
1198 1331
1297 1231
1287 1256
1224 1306
1360 1250
1358 1190
1529 1170
1472 1168
1291 1375
1351 1348
1357 1303
1252 1476
1120 1755
1656 1156
1231 1548
1414 1333
1567 1267
1320 1472
1369 1411
1574 1401
1284 1534
1467 1481
1563 1455
1408 1594
1461 1498
1644 1402
1401 1626
1389 1752
1653 1400
1577 1469
1536 1529
1498 1581
1701 1396
1665 1434
1695 1497
1429 1802
1554 1609
1696 1512
1654 1577
1670 1647
1795 1598
1708 1677
1805 1601
1845 1571
1620 1789
1521 1960
1853 1610
2034 1490
1806 1701
1839 1638
1952 1543
1896 1630
2117 1446
2359 1344
1748 1772
1969 1556
1818 1696
1764 1796
2009 1561
1607 1948
1731 1885
1829 1779
1709 1879
1681 1967
1747 1861
1905 1746
2018 1765
1867 1793
2096 1636
1710 2039
2251 1568
1953 1833
1898 1882
1828 1939
2079 1761
1832 1974
1702 2106
2246 1662
1793 2068
1978 1880
1799 2079
2067 1852
2468 1596
1751 2145
2081 1953
2109 1850
2358 1708
2219 1867
2269 1791
2266 1823
2400 1762
2001 2096
2050 1984
2287 1863
2127 2037
2101 1991
2446 1784
2345 1914
1914 2240
2111 2008
1915 2353
2240 1942
1852 2392
2213 2038
2261 1944
2364 1883
2598 1824
2370 1891
2238 2116
2627 1806
2013 2299
1945 2527
2093 2214
2191 2196
2367 2139
2688 1849
2405 2040
2556 2017
2123 2315
2577 1930
2249 2326
2503 2016
2624 1958
2288 2331
2229 2330
2276 2358
2077 2575
2206 2450
2842 1871
2321 2375
2415 2291
2515 2194
2272 2528
2320 2435
2710 2087
2408 2417
2351 2521
2325 2503
2335 2552
2545 2418
2434 2464
2519 2424
2644 2301
2602 2351
2317 2609
2324 2602
2404 2559
2291 2641
2659 2341
2507 2550
2696 2361
2720 2359
2687 2436
2371 2644
2678 2489
2372 2649
2568 2586
2809 2334
2637 2554
2749 2562
2558 2613
2530 2635
2772 2595
382544317 2091417175
1
sift 272
112 67
68 46
102 65
161 94
110 76
137 90
171 101
139 98
158 132
189 135
180 127
191 133
196 139
187 143
222 137
210 140
188 163
198 148
388 225
202 149
215 147
530 294
216 159
232 155
585 336
251 173
252 188
596 323
256 191
281 183
567 344
321 213
319 217
633 376
387 240
480 236
595 436
454 260
622 253
708 442
626 352
528 488
765 522
625 440
527 516
797 508
598 492
616 493
774 540
531 560
677 455
866 566
666 478
641 519
799 612
636 548
903 383
800 615
701 514
696 532
831 677
795 480
671 574
882 644
694 593
715 572
933 620
828 521
771 581
944 749
728 618
721 624
1255 666
792 667
808 661
1224 681
912 597
769 707
1061 766
844 679
811 723
1068 791
876 686
868 701
1160 779
926 684
941 669
1019 934
894 722
886 729
1284 959
1115 692
904 827
1213 996
935 816
909 841
1287 980
1002 764
1072 736
1398 977
1062 814
1077 823
1120 1278
1357 712
755 1229
1529 966
1031 871
1082 858
1414 1033
1070 869
1246 772
1475 1042
1088 866
1297 769
1304 1236
1127 908
1167 911
1385 1171
1204 910
1173 948
1554 1085
1159 967
1037 1038
1517 1153
1274 930
1264 1037
1534 1151
1268 1094
1348 1093
1356 1399
1315 1177
1355 1248
1536 1198
1360 1250
1649 1054
1701 1109
1472 1201
1607 1108
1806 1120
1586 1117
2266 938
1665 1197
1428 1297
1853 1058
1619 1240
1600 1162
1839 1063
1898 1143
1644 1202
1666 1220
1763 1301
1576 1277
1567 1289
1551 1423
1577 1275
1828 1181
1731 1345
1574 1325
1709 1246
1686 1500
1747 1264
1497 1433
1509 1666
1654 1335
1696 1320
1784 1474
1555 1409
1900 1269
2030 1372
1915 1280
1708 1387
2050 1365
1520 1539
1969 1306
1832 1502
2093 1253
1992 1332
1897 1472
1569 1587
1829 1455
2301 1313
1845 1456
1952 1403
2311 1390
2624 1168
1653 1607
2111 1548
1761 1600
1905 1550
2018 1623
1795 1618
2001 1528
2121 1697
2128 1468
2013 1537
2272 1608
2096 1513
2415 1392
2360 1604
2123 1509
1977 1590
2321 1644
1818 1701
2165 1506
2262 1715
2185 1580
2191 1588
2299 1744
1953 1766
2418 1507
2515 1641
2324 1558
2009 1835
2371 1745
2189 1690
2150 1719
2291 1865
2404 1595
2351 1631
2288 1923
2109 1846
2213 1752
2507 1777
2229 1743
2210 1816
2292 1988
2345 1767
2577 1658
2574 1884
2530 1727
2269 1961
2325 2047
2405 1903
2659 1717
2611 1867
2555 1794
2468 1941
2568 1910
2627 1874
2398 2077
2448 2074
2662 1890
2295 2156
2539 2019
2503 2005
2598 1958
2582 2007
2720 1869
2710 1918
2403 2147
2495 2075
2807 1845
2519 2137
2809 1912
2731 1966
2806 1974
2551 2169
2755 2062
2685 2159
2687 2127
2705 2157
2602 2263
2604 2257
2722 2182
2739 2168
2633 2289
2798 2160
2457 2466
2644 2341
2696 2256
2790 2266
2545 2518
