504790065 857748131
1
sift 58
292 214
29 77
12 23
17 33
15 31
37 92
22 39
102 133
36 44
134 142
64 80
142 154
73 117
157 155
92 109
152 173
132 167
212 220
193 150
242 243
182 186
273 312
220 175
266 309
204 207
369 396
210 217
269 325
321 274
623 418
406 283
1022 661
382 311
862 1266
407 343
514 372
498 390
490 393
508 497
510 513
778 368
938 342
570 516
622 526
797 549
550 761
703 641
903 575
737 779
796 869
830 905
1014 860
1250 811
1194 864
1392 850
1204 1014
1185 1158
1445 1227
504790065 2043545517
1
sift 95
203 221
24 39
5 15
156 156
1004 846
10 20
452 458
27 41
15 25
380 518
17 28
548 666
46 53
73 69
729 578
51 58
665 800
48 63
103 97
1067 589
127 106
773 790
163 155
111 115
723 955
125 119
937 968
184 142
115 146
878 979
194 100
1008 1039
199 215
152 163
1070 1257
176 164
224 282
160 182
1251 1250
423 133
333 278
214 261
1154 1360
266 238
354 260
269 249
237 292
387 277
255 256
393 241
369 349
294 404
385 337
430 344
343 388
399 372
633 473
361 513
498 448
722 685
400 647
467 577
862 677
631 542
469 732
550 714
516 907
904 536
780 637
670 791
649 824
632 857
613 928
809 758
744 838
736 973
691 1044
850 1005
805 1076
884 1052
1103 885
914 1126
931 1171
1019 1160
1048 1140
920 1327
1016 1200
1060 1202
1250 1169
1305 1180
1225 1296
1188 1392
1316 1272
1378 1236
1275 1563
