670338561 745117386
1
sift 175
60 50
65 67
290 286
339 294
323 317
358 302
364 323
404 315
442 290
413 329
501 347
449 398
506 376
521 407
495 504
511 483
485 515
516 501
560 478
585 481
609 476
664 449
673 447
635 474
743 517
674 587
801 553
750 576
896 535
718 640
785 607
757 687
892 596
816 672
826 709
780 796
1095 623
1122 647
1041 692
989 829
1245 710
1001 948
1389 763
1294 800
1173 970
1373 1005
1263 1075
1273 1109
1393 1062
1434 1054
1471 1071
1609 1002
1208 1327
1524 1113
1799 1063
1356 1351
1785 1191
1561 1362
1878 1184
2032 1114
1900 1199
2474 1072
2016 1331
1625 1625
2132 1294
1801 1513
1834 1520
2183 1329
1688 1838
2246 1401
2736 1317
1771 1943
2895 1338
2080 1779
2514 1518
2295 1745
2135 1895
2310 1844
2429 1889
1979 2342
2224 2067
3113 1571
2148 2236
2177 2250
2322 2141
2867 1769
3166 1679
3107 1748
2532 2224
3654 1692
3070 1958
2654 2184
3148 1982
2641 2283
2343 2696
2715 2334
2835 2336
3920 1835
2787 2393
3236 2125
2971 2299
2876 2357
2510 2801
3145 2290
3134 2378
3226 2401
3366 2523
2859 3100
3892 2468
3118 3003
3598 2826
3802 2698
3408 2975
4097 2532
3520 2931
4533 2365
3729 2877
3713 2916
3678 3171
4957 2587
4177 2989
3975 3174
3423 3827
7354 2775
4567 2905
4561 3013
5197 2725
5211 2719
4568 3070
4281 3299
4492 3188
5181 2800
4181 3513
5000 2954
3252 6627
4268 4001
4632 3764
4754 3635
7680 3161
7394 3673
4956 4095
7627 3741
7658 3917
4229 6632
4169 6683
7341 4769
8431 3435
5047 4548
4881 4703
5392 4182
7417 4748
8110 3962
5037 6498
5423 4424
5176 4766
8183 4069
7600 6549
7880 4936
8577 4605
7721 7081
8605 4759
5276 7510
9650 4242
8384 6649
5404 7382
8486 6644
9261 4853
8337 7600
8787 7117
9229 6865
9181 5248
9852 6837
9177 7332
9180 7561
8653 5666
670338561 903486380
1
sift 227
93 64
81 55
1531 1539
178 108
435 338
309 280
1629 1479
507 319
547 344
462 386
2304 1871
540 470
771 425
526 506
2797 2089
787 559
873 577
852 799
2850 3015
1208 688
1063 798
1207 813
3591 2509
1250 787
1312 778
1429 858
3031 2934
1265 831
1213 914
1298 943
3736 5382
1336 977
1329 994
1226 1076
7797 5560
1453 934
1470 981
1445 1026
7591 5694
1514 1058
1687 1023
1459 1147
8032 5921
1560 1144
2004 1137
1733 1179
7507 7054
1819 1240
1773 1319
2291 1177
7601 7119
1963 1287
2010 1255
2199 1803
7508 7811
2108 1215
2322 1198
2325 1708
7784 7809
1979 1424
2165 1332
2097 1926
9257 6168
2135 1351
2327 1295
2486 1881
8878 6361
2099 1522
1752 2062
1886 2484
8633 6704
2804 1453
2786 1501
2342 2073
8307 7290
2706 1605
2685 1729
2494 1957
8242 7709
2573 1823
3156 1571
2726 2168
8876 6771
2932 1786
3464 1685
3157 2150
9349 6706
3355 1820
2701 2470
2803 2384
9231 6900
3611 2098
3616 2221
2899 2543
8722 7492
3473 2295
3577 2448
3094 2743
8389 8153
3275 2648
3944 2292
3542 2522
9097 7898
3324 2689
3915 2506
3714 2702
8931 9094
2820 5428
4046 2589
3497 3210
9541 9125
3655 3001
7474 2481
4194 2889
9514 9223
7378 2542
7753 2323
4047 5368
4085 3060
7756 2376
4543 3159
7551 2597
7381 2803
4059 5468
7448 2751
7563 2723
7498 2901
7421 2928
7482 3171
4496 5373
7332 5371
7454 3233
7371 5396
4529 5557
7433 5433
4058 5761
7515 5398
7417 5478
7619 3232
7502 5413
7453 5480
7397 5545
4182 5939
7355 5798
7337 5695
7461 5533
7880 3413
3903 6279
7413 5645
7394 5801
7420 5650
7712 5473
8040 5487
7426 5721
7388 5837
8159 5471
7813 5587
7497 5830
7802 5631
7590 5804
8110 5543
8086 5658
7735 5748
7564 5927
7829 5833
7747 5823
8128 5643
7585 6035
7779 5864
8844 5443
8224 5671
7573 6081
7854 5904
8151 5795
7691 6069
7542 6271
9092 5582
7865 5995
7771 6079
8388 3983
8309 5786
8115 5924
8620 5884
7750 6180
7557 6579
8577 5913
8297 6065
8486 5980
9644 5627
8423 6073
9216 5762
8540 6123
8952 5869
8501 6086
9650 3952
8853 6182
8668 6229
8778 6200
8098 6970
8146 7027
9193 6237
9684 5943
8813 6359
8990 6484
9366 6125
8416 6858
8133 8305
8056 7696
8703 6876
9067 7633
8870 6740
7789 8732
9841 6974
8568 7158
9037 6711
9230 8128
9583 6606
8916 7368
9049 7334
8749 7778
8741 8051
9508 8240
9724 7993
9381 8623
9209 9429
9538 9225
9932 8935
670338561 2002237245
1
sift 380
8 6
320 475
103 120
12 7
50 50
158 144
68 52
60 63
203 217
87 58
105 81
254 259
102 85
107 94
386 324
115 130
143 142
414 318
142 159
192 191
741 595
204 186
198 204
680 660
218 235
262 249
719 627
282 306
311 310
842 576
323 365
339 370
857 689
358 349
399 405
1020 1129
413 408
425 400
1352 1028
449 479
476 467
1237 1272
472 482
477 497
1327 1237
506 507
501 524
1313 1319
495 577
562 519
1596 1116
521 584
516 605
1555 1188
592 561
560 610
1576 1177
587 607
574 634
1498 1259
609 594
628 656
1385 1598
674 665
644 712
1874 1225
629 801
696 693
1579 1473
686 716
709 698
2042 1248
654 823
692 774
1359 1806
718 850
801 768
1767 1429
838 773
826 813
1788 1550
844 789
896 743
1690 1684
892 812
779 945
1917 1528
943 828
860 931
1759 1747
891 899
735 1156
2600 1451
1048 855
1966 581
1877 1908
1054 883
1275 767
1958 1854
832 1347
1001 1053
2255 1675
989 1100
1180 998
2072 2075
1261 1000
1183 1071
2416 1958
1185 1088
1027 1280
2812 1727
1335 1040
1346 1055
2334 2061
1389 1070
1192 1209
2427 2101
1270 1182
1227 1244
2455 2205
1239 1253
1271 1230
2659 2247
1396 1186
1234 1333
2691 2273
1288 1307
1447 1174
2483 2511
1263 1369
1393 1269
2527 2717
1373 1298
1331 1337
3461 2432
1245 1474
1156 1610
3312 2544
1273 1501
1438 1386
3599 2689
1497 1379
1573 1318
3093 3318
1375 1499
1524 1419
3374 3274
1471 1489
1655 1425
4363 2600
1613 1471
1790 1385
3810 2964
1625 1601
1682 1557
3965 2955
1881 1436
1495 1807
3247 3523
1529 1767
1598 1685
3390 4137
1522 1839
1692 1678
4283 3362
1799 1606
1699 1694
4629 3279
1930 1590
1477 2169
4209 3553
1726 1804
1847 1698
4272 3578
1884 1757
1688 2033
4600 3571
1834 1906
2002 1763
3853 4509
2016 1796
1744 2107
7623 3375
2041 1818
2213 1753
7624 3982
2120 1868
2413 1693
4939 4356
2193 1828
2100 1923
7999 3816
1822 2290
2239 1905
4700 4994
2295 1864
2205 1974
5035 5148
2543 1744
2214 2003
7759 4930
2244 1990
2060 2152
8075 4817
2605 1823
2271 2127
8590 4748
2177 2281
2514 2063
9666 4346
2333 2279
2640 2065
9141 4677
2902 1893
2828 1978
8854 4788
2559 2160
2458 2253
8541 6988
2736 2062
2338 2422
8699 5194
2501 2278
2908 2011
9065 5106
2459 2342
2429 2403
8732 5658
2358 2531
2197 2760
9200 5599
2398 2605
2718 2327
8780 5816
2610 2421
2532 2489
2762 2346
2566 2583
2967 2289
3192 2174
2609 2684
2752 2521
2698 2619
2816 2496
3145 2315
2869 2493
2138 3452
2835 2744
2787 2853
3266 2501
2876 2822
3010 2788
3057 2787
2735 3132
3237 2724
3652 2543
3357 2838
3594 2704
3087 3100
3348 2915
3297 2960
3205 3023
2754 3477
3822 2607
3516 2896
3512 2901
3226 3131
3659 2821
3638 2837
4002 2571
3546 2932
5023 2183
3000 3416
3148 3411
3427 3224
3574 3230
3779 3083
3780 3151
3522 3338
3884 3214
4516 2919
3916 3276
3291 3866
3763 3398
4097 3171
3886 3311
3756 3429
3943 3436
3980 3547
4101 3468
3678 4103
4497 3381
4772 3336
4280 3680
3974 4047
4490 3600
4028 4015
4177 3877
4212 3852
4716 3522
4078 4075
4957 3442
4561 3885
4974 3559
4242 4223
4745 3777
4585 3990
4252 4299
4898 3722
4819 3788
4757 3893
4568 4215
4754 4228
5355 3689
5364 3683
4647 4364
4576 4490
5197 3951
7719 3775
5366 3952
7788 3887
5146 4247
5159 4245
5181 4268
4998 4537
4511 6479
5384 4311
4932 4722
5042 4656
5107 4682
8397 3842
4644 6560
4781 6490
8088 4195
4805 6502
7714 4548
4987 6460
5241 6365
5200 6412
5045 6559
7764 6297
3252 9539
5423 6485
8336 4629
4965 7080
8861 4475
8461 4718
7884 6711
8738 4647
7870 6752
7889 6753
5276 7263
7763 7026
8735 6428
8666 6480
8184 6787
7795 7198
8325 6809
9099 6472
8891 6617
8610 6803
9011 6637
9005 6662
8414 7292
9182 6966
9322 6951
9000 7339
8740 7651
8970 7467
9679 7065
8497 8057
9082 7481
8837 7828
9186 7636
9380 7480
9246 7782
9631 7575
9913 7421
9522 8017
9995 7757
