745117386 903486380
1
sift 119
728 531
619 610
765 641
849 743
870 809
1329 1057
1427 1048
1250 1295
1392 1138
1332 1303
1232 2046
1895 1351
2141 1198
1373 2022
1542 1778
1769 1564
1722 1823
1664 1963
2342 1424
1909 1773
2467 1499
1592 2750
2675 1764
1855 2671
1725 3325
2365 2418
2383 2393
2453 2379
2650 2278
2465 2631
2922 2383
3002 2803
3419 2499
2573 3332
3357 2624
2479 3728
3270 3190
3159 3283
2697 3846
3886 3096
3516 3322
3686 5447
3643 5503
3793 3573
3711 5631
4058 5485
3962 5543
6431 3223
4204 5487
3316 6023
4545 5419
3673 5801
3702 3901
4238 3517
4194 5636
4403 3604
4057 3934
4748 5478
4936 3413
4230 5891
3550 6438
4296 5892
3056 7737
6517 5671
3066 7950
4605 5913
5163 3596
5272 5626
6644 5980
4501 6603
4776 6248
6689 6157
4852 6532
6847 6200
4914 6566
5358 5953
5109 6285
4608 7982
5225 6387
5072 6760
5114 6631
7550 6115
5176 6560
8376 5772
5729 3835
7094 6519
6558 7936
5138 6959
5332 6693
5247 6966
5222 7445
5708 6181
7379 7144
5311 7317
6864 8128
7399 7240
5631 6406
5343 7449
4822 9619
5467 6992
5493 7117
5666 6770
8099 7102
5156 9237
5317 8719
7880 7784
5515 8428
6003 6750
8130 8413
5772 7823
5562 8677
5508 9147
8381 8343
5612 8924
8536 9112
8990 8761
5825 9143
5873 9854
5999 9672
745117386 1037918752
1
sift 282
187 210
194 259
29 25
253 203
500 295
49 36
235 190
599 366
86 61
1350 661
1020 831
114 54
362 238
1756 760
172 98
1460 1074
1508 943
216 129
507 293
3046 1480
198 139
2286 1197
2822 1147
224 148
526 297
3921 1966
221 156
2855 1277
6620 2861
251 145
807 529
278 160
3586 1549
7740 2650
296 178
930 504
395 171
7287 3892
346 206
1082 581
348 208
8610 4083
345 216
1126 579
361 211
378 221
964 792
475 196
424 217
1253 693
386 260
431 232
1572 692
418 262
417 274
1485 832
448 279
383 342
1478 952
460 303
529 278
2136 998
582 265
549 284
2828 1085
547 286
569 335
2470 1259
597 334
658 318
3824 1040
610 354
609 356
3055 1299
809 330
755 357
2947 1565
716 390
737 393
6294 1275
790 383
884 346
3223 1490
801 384
828 408
3338 1572
1060 336
818 419
6286 1497
845 413
933 398
3352 1694
848 432
799 467
3311 1863
1012 411
860 465
3618 1788
908 468
940 462
4629 1556
1474 350
885 506
6332 1998
974 478
1251 417
3893 2158
855 551
1041 492
4011 2280
1056 521
1193 486
4180 2333
1110 526
1148 515
4568 2163
1244 484
1023 587
4208 2452
1098 569
1104 580
4887 2080
1123 590
1339 522
6643 2105
1613 475
1226 610
4133 2684
1300 577
1422 548
7029 2397
1336 627
1374 628
7557 2264
1045 833
1356 638
6800 2777
1346 651
1149 775
5315 2691
1430 650
1555 641
5489 2641
1264 796
1531 670
7016 3287
1434 736
1408 765
5433 3336
1630 707
1486 769
8847 3025
1502 768
1809 668
6163 3583
1544 759
1684 709
6212 3649
1746 696
1730 719
6228 4574
1510 816
1829 699
2017 683
1697 783
1923 735
1646 859
1710 863
1637 902
1893 827
2351 743
2021 851
2130 811
1771 958
2098 921
2232 934
2133 995
2306 953
2162 1005
2317 979
2417 1052
2569 1064
2374 1149
2656 1046
2609 1089
2791 1053
2709 1104
2603 1174
2769 1153
2864 1136
4631 864
3061 1101
2302 1427
2584 1319
2659 1374
2728 1386
2991 1295
3185 1365
2798 1570
2716 1688
3228 1629
6315 1404
3151 1730
3927 1431
4441 1310
6309 1566
3441 1814
6344 1562
4641 1421
4281 1551
4077 1634
6343 1631
3953 1721
3766 1819
6320 1843
3411 2093
4515 1649
4716 1583
3505 2109
6352 1820
6325 1944
4472 1811
6607 1732
4600 1910
5033 1720
5061 1700
4942 1789
4141 2174
7496 1612
7268 1672
6369 2234
4951 1999
6817 1907
6894 1909
7060 1868
5062 2049
7836 1735
6934 2008
6798 2085
6781 2112
7358 2095
6867 2344
5232 2235
7577 2137
7363 2214
6854 2546
7437 2248
7558 2298
6977 2729
8205 2230
7776 2419
5488 2430
7903 2400
7987 2409
6928 3006
7966 2534
7879 2608
6713 3564
7750 2715
7493 2915
7989 2713
8399 2583
8693 2614
9181 2455
7038 4050
8487 2754
9184 2544
8766 2669
8937 2630
8224 3012
8835 2698
7844 3361
8193 3250
8435 3315
9241 2992
9045 3234
9082 3367
9402 3187
9009 3670
9655 3322
9281 3727
9529 3924
745117386 2002237245
1
sift 458
50 63
79 80
85 91
92 105
163 181
95 106
94 111
221 256
137 191
215 275
336 354
201 311
230 310
346 374
280 360
290 359
361 367
302 349
293 371
344 409
301 364
317 365
378 391
329 408
312 437
386 411
331 465
367 441
399 420
390 433
359 482
448 425
347 524
376 507
424 457
398 479
431 452
443 461
439 497
544 415
430 593
423 549
407 584
529 544
451 626
476 594
520 582
450 644
480 601
466 683
504 577
478 610
549 606
501 605
467 693
609 545
533 657
535 743
570 751
587 665
543 756
662 686
553 768
650 697
603 766
648 700
582 818
671 701
596 812
568 883
684 723
692 734
608 830
730 696
637 801
601 864
737 745
591 889
613 848
718 786
638 817
661 807
716 793
704 769
640 850
747 772
709 813
755 779
703 852
788 882
678 897
785 776
796 946
761 810
691 943
769 1017
799 843
741 918
763 1070
818 834
822 837
829 1100
978 721
933 790
786 1174
858 870
732 1027
890 1063
990 819
928 888
710 1474
861 942
802 1059
948 1053
814 1125
989 955
1078 1016
926 1018
1160 887
995 1166
956 1029
1256 875
1064 1196
1081 1105
1036 1179
1005 1298
1163 1096
1070 1223
1062 1269
1043 1264
1021 1306
1168 1134
1037 1309
929 1476
1131 1244
1300 1084
1268 1180
1075 1369
1181 1283
1215 1254
1113 1419
1053 1459
1348 1143
1071 1489
1105 1437
1274 1274
1143 1448
1262 1303
1240 1336
1109 1501
1251 1364
1226 1426
1063 1606
1115 1513
1252 1409
1222 1424
1027 1822
1355 1400
1186 1559
1175 1579
1217 1578
1210 1563
1120 1709
1531 1316
1180 1635
1539 1352
1786 1295
1309 1766
1442 1569
1341 1776
1331 1796
1376 1756
1730 1449
1330 1962
1646 1518
1491 1683
1625 1601
1487 1689
1684 1542
1317 2062
1680 1544
1624 1596
1564 1715
1665 1645
2091 1487
1558 1758
1520 1906
1663 1819
1483 1990
1676 1805
1871 1677
1489 2076
1518 2063
1651 1892
1745 1864
1705 1855
1613 2002
1891 1984
1803 1880
1746 2066
1838 2033
1929 1913
1975 1877
1910 2049
1826 2045
2034 1998
1636 2659
2099 1931
2160 1875
1931 2314
1923 2179
1802 2310
2368 1893
1771 2375
1804 2330
1889 2403
2098 2036
1937 2254
2125 2134
2351 1887
1807 2450
1859 2510
1988 2317
1999 2299
2116 2279
2126 2139
2191 2125
2033 2384
2022 2367
2232 2189
2250 2281
2332 2235
2211 2366
2238 2327
2084 2548
2315 2382
2224 2489
2221 2509
2225 2516
2530 2290
2644 2190
2820 2113
2173 2730
2305 2513
2457 2425
2336 2744
2153 2780
2219 2721
2228 2895
2074 2953
2123 2934
1982 3411
2054 3068
2565 2444
2356 2823
2629 2449
2524 2586
2393 2853
2199 3033
2289 2931
1920 3722
2839 2400
2427 2798
2742 2723
3012 2297
2756 2525
2701 2768
2319 3012
2867 2435
2401 3131
2618 2690
2497 2885
2831 2840
2498 2893
2175 3302
2532 3171
2407 3015
2830 2573
2950 2794
2757 2652
2825 2593
2487 3296
2476 3006
2490 3053
2699 3151
2832 2722
2991 2632
3300 2574
2912 2752
2770 2938
3435 2591
2703 3021
2949 2772
2587 3442
2604 3168
2735 3042
2588 3452
2556 3257
2963 2879
2408 4160
2679 3245
2666 3482
2789 3570
2656 3501
2536 3734
3008 3413
2955 3266
2994 3267
2725 3951
2871 3439
3088 3217
3661 3115
2640 3780
3205 3167
2942 3935
2768 3698
6317 2923
4519 2758
3364 3255
2997 3612
2989 3877
3328 3477
3445 3386
3541 3309
3013 3885
3243 3837
3149 3751
3298 3680
3165 3962
3175 4048
3309 3821
3814 3637
3070 4215
3090 4349
3889 3726
3954 3498
3474 4195
3303 4381
3041 4694
3238 4473
3397 4301
3635 4228
6448 3273
4453 3455
3861 4068
4035 3772
3860 4017
3957 3972
3900 4095
6344 3841
3681 4354
4010 3985
3504 4532
3759 4311
3367 4702
4353 3873
3868 4368
6352 4099
3658 4667
4091 4249
4095 4248
4449 4076
4387 4002
4126 4299
3960 4525
4276 4310
4191 4343
6383 4023
4139 4422
4310 4258
6309 4772
4894 3672
4201 4550
6524 4188
3515 6583
4155 4692
6596 4109
6681 3952
4090 4826
3403 6950
4546 4718
6503 4447
3505 6980
7402 3820
6554 4463
4488 4740
4423 6487
6468 4573
6934 4040
4652 4800
6711 4280
6359 6542
7195 4227
6605 4693
7049 4507
6838 4534
4773 6425
6867 4651
6682 4688
6694 4713
6829 4686
4524 6767
7061 4541
6522 6594
7183 4472
4390 6959
7901 4098
4700 6673
4765 6682
6690 6474
6584 6560
6418 6919
6670 6543
4847 7168
6702 6865
6825 6906
6991 6837
7409 6619
7515 6575
7242 6752
7448 6624
6877 7087
6733 7260
8142 4823
7568 6639
7111 7022
6430 8241
7496 6991
6705 7494
7184 7017
8286 6613
7256 7139
6786 7993
6854 8632
7510 7263
6836 8273
7869 7735
8057 7278
7177 8146
7823 8243
6627 9539
7872 7660
9402 7511
7279 8388
8521 7368
7440 9938
8377 7741
7943 8199
8658 7651
8123 8281
8248 8179
8030 8528
7536 9248
9054 7782
9376 8396
9384 8555
9644 9065
9919 8975
