857748131 1639819975
1
sift 75
38 24
5 14
17 12
21 22
14 13
69 62
28 28
30 39
54 49
44 33
137 119
37 52
42 41
77 82
55 48
179 182
91 98
63 70
206 198
81 55
163 268
136 174
83 61
280 397
106 134
152 609
142 168
122 127
323 425
117 184
510 932
155 167
147 143
482 783
150 176
884 822
209 209
168 241
207 306
202 330
235 210
208 315
260 200
236 281
278 230
301 272
293 340
274 398
367 284
253 554
359 316
279 491
375 382
551 302
319 565
436 396
315 630
448 393
430 428
339 594
380 486
479 412
496 632
582 571
455 831
497 883
544 924
711 772
760 797
675 1049
888 753
721 1002
788 1023
1042 837
1438 972
