875334421 2109941572
1
sift 68
52 65
604 3439
515 2506
990 5183
95 110
72 156
111 159
103 196
153 237
168 246
172 253
164 286
181 307
187 300
217 279
225 281
236 277
224 321
196 371
234 421
279 349
281 404
303 414
305 426
320 428
314 442
272 524
316 493
404 476
350 545
342 642
477 500
365 688
495 554
454 634
617 570
507 647
521 693
456 787
489 747
533 732
513 791
497 1014
609 877
549 1103
598 964
608 1177
743 926
786 893
685 1194
642 1311
720 1309
664 1531
829 1555
911 1546
1129 1274
798 2093
920 1654
923 1982
1071 1797
754 4917
1042 3053
1714 1514
1079 3250
1155 3370
1231 3046
1547 4193
1628 4410
