903486380 2002237245
1
sift 726
158 221
718 529
74 16
231 298
175 77
69 21
159 262
721 742
65 26
255 338
165 140
57 44
284 389
2511 682
149 37
311 424
290 202
143 39
364 403
1655 1243
145 43
348 474
415 185
134 54
394 440
6308 2884
160 60
393 506
448 522
112 147
413 515
7512 3858
102 173
437 684
455 621
107 161
499 677
9734 6087
114 160
580 720
518 672
176 104
588 678
4355 8078
202 93
729 736
903 537
132 167
619 762
227 108
605 920
1022 600
210 157
635 894
201 231
919 642
1118 662
313 175
723 821
181 278
681 900
1474 862
308 228
587 1159
352 236
792 960
910 1284
214 386
744 1089
383 260
727 1324
790 1614
264 341
779 1408
435 300
873 1241
1392 940
397 375
966 1310
398 381
806 1637
811 1660
560 337
974 1395
400 516
916 1595
952 1406
405 521
989 1390
694 380
869 1813
1047 1401
568 439
1182 1388
182 9214
1224 1441
1318 1260
535 527
1035 1670
460 673
1156 1534
1747 1011
547 554
928 1969
725 466
1162 1575
1103 1674
508 688
1248 1545
483 749
1171 1657
1877 1152
487 781
1380 1523
512 741
1229 1704
1766 1323
514 750
1206 1884
517 746
1411 2068
1710 1382
668 580
1326 1740
615 633
1218 2460
1335 1759
582 704
1333 1883
958 536
1382 2268
2029 1331
571 873
1436 1844
546 953
1531 2249
1663 1652
604 840
1584 1725
567 951
1561 2232
1761 1608
985 645
1629 1708
675 928
1390 2708
1304 2246
924 825
1476 1994
1036 755
1951 1999
1446 2074
654 1194
1395 2340
1002 809
1550 2536
1425 2294
755 1087
1972 1800
783 1033
1751 2409
1793 1966
760 1085
2017 1874
959 905
1930 2385
2127 1762
1141 871
2099 1904
752 1344
1989 2392
2591 1532
856 1146
1758 2323
825 1281
2411 1983
2948 1490
1181 932
1512 2746
1311 891
2113 2484
2015 2283
1485 846
1927 2419
1401 952
1815 3024
2194 2157
893 1442
1925 2804
892 1465
1834 3109
2055 2615
883 1480
2211 2397
1405 997
2222 2506
2807 1936
1060 1296
2373 2361
1049 1345
2275 2650
2735 1996
912 1541
2232 2775
979 1498
2251 3146
2491 2145
1185 1297
2304 2751
1641 1014
2277 3107
3278 1732
1099 1629
2123 3120
949 1944
2575 2844
2440 2646
1101 1668
2372 2782
1575 1338
2763 2695
2289 3055
1136 1784
2400 2913
1646 1346
2465 3059
3179 2210
1307 1671
2783 2553
1330 1646
2370 3248
2265 3200
2026 1175
2282 3241
1161 1853
2758 2809
2527 2890
1480 1475
2256 3441
1259 1755
2347 3329
3194 2321
1345 1656
2405 3264
1242 1783
2218 3764
3199 2337
1383 1615
2478 3316
1249 1789
5497 2415
3565 2097
1140 2270
2825 3008
1398 1871
2932 2969
2846 2694
1267 2133
2363 3754
1323 2060
2208 6080
4058 1950
2314 1277
2711 3502
2291 1292
2895 3401
3242 2654
2540 1255
5352 3156
1966 1638
3013 4008
3889 2378
2261 1464
2559 4028
1709 1840
5344 3904
3423 2842
1718 1945
2647 4181
2720 1378
3125 4034
3309 3209
1770 1912
2605 6137
1832 1955
5431 3690
3607 2958
1498 2370
3010 3801
2564 1479
3137 6092
3899 2776
1626 2231
5365 3602
2141 1735
5633 3577
3147 3834
1956 1927
2969 6093
2652 1508
5604 3631
5349 3945
2338 1658
3091 6100
1487 2551
5610 3742
2981 6177
2726 1502
3141 6254
2497 1584
5455 6107
3917 3611
1715 2263
5595 4018
2068 1919
5889 3563
3066 6362
2546 1585
5509 6086
2746 1529
5577 4154
5528 6110
2260 1881
5616 4066
3563 1361
5634 4089
5706 3973
1452 3096
5439 6165
2978 1644
2946 6719
4306 3395
2101 2245
5383 6282
2926 1701
5460 6191
6947 3125
2662 1862
5692 4116
1861 2709
5350 6547
5655 6114
1765 2866
5656 6128
2013 2497
5675 6121
5886 4153
2581 1933
5831 4148
2519 2021
3080 6885
5358 6698
1695 3098
5699 6150
2777 1992
5628 6246
5615 6252
2439 2228
5790 6168
2209 2477
5683 6266
4076 4226
2891 2037
5726 6228
1943 3128
6147 4130
4325 3933
3419 1781
5653 6393
3457 1771
5792 6247
3937 6181
2271 2622
5661 6386
2693 2256
5835 6354
8332 3159
1810 3426
5597 6590
3265 1929
5630 6707
4290 4205
2225 2802
6082 6244
2155 2959
6071 6262
3484 6576
1893 3397
6064 6263
2862 2325
5649 6748
5603 6853
3345 2031
6261 6216
2174 3183
5911 6562
6382 6172
1928 3719
5637 6891
2681 2618
5620 7024
6154 6274
1910 3894
6227 6292
1802 4296
5965 6642
4605 4090
3776 1948
5986 6692
3301 2255
4320 6749
6464 4653
2488 2986
5867 6955
3350 2259
5663 7699
7056 4406
3327 2326
6436 6441
2102 3912
6163 6862
8331 3923
3273 2396
6058 7031
2449 3298
6095 7043
5080 3717
2754 3016
6149 7171
2367 3489
6243 7050
8150 4222
3348 2414
6455 6975
2476 3323
5826 8111
7308 6198
3367 2458
6502 6989
3750 2266
6477 7066
7422 6187
4106 2126
6112 7463
2545 3445
6583 7107
7429 6196
2628 3353
6839 6792
2223 4170
6972 6897
8316 4361
2192 4274
4642 6627
2403 3750
6291 7447
7074 6868
3290 2733
6232 7567
2757 3320
6251 7787
7092 6879
3861 2368
7196 6979
2297 4179
6763 7354
7260 7090
3279 2825
6670 7466
2555 3743
7244 7153
5113 4853
4138 2305
7674 6971
2798 3524
8324 6875
7845 7191
3428 2839
6626 8001
3616 2791
7398 7376
7475 7369
4069 2498
8352 6913
4522 2166
6888 7820
4643 7783
2369 4577
7459 7465
3106 3466
6987 8119
6878 8212
2745 3997
7016 8147
4396 2350
6851 8354
8049 7415
4313 2448
8135 7406
2709 4204
6622 8678
8191 7385
2685 4387
8132 7525
2664 4488
9068 7265
8596 7270
4024 2892
6521 8956
3605 3199
8016 8115
4976 7367
3186 3733
7964 7674
2343 4990
7760 8479
7146 8349
3707 3216
7820 7962
3740 3305
7755 8516
9988 6992
3041 4378
8942 7334
2892 4636
8000 8448
8385 7637
4333 2926
4942 8052
2788 4807
7942 8754
4993 8280
7106 2589
7718 8967
3727 3543
9446 9221
8746 8217
4181 3223
8458 8496
2947 4761
9887 9344
8503 8835
3169 4544
9192 8793
3103 4683
9997 9345
9007 9329
3390 4189
9786 9291
3522 4071
4550 2976
3378 4402
3254 4668
4391 3314
4410 3324
3438 4562
4144 3707
3603 4385
3491 4623
4328 3610
7002 3295
3958 4235
4541 3355
3805 4458
6956 3380
4314 3865
3877 4442
3515 4848
3494 4873
4604 3389
4855 3178
4429 3704
3712 4684
3546 4851
4384 3851
3782 4663
3476 4934
3420 4992
3611 4863
4436 3815
3870 6277
4745 3403
3731 4842
3665 4887
3906 4719
3686 4925
4532 3846
3910 4831
3334 5319
3554 5105
4077 6311
3802 4974
4752 3692
8799 3393
4574 4069
6608 4359
3944 4972
4035 4931
4495 4342
3462 5413
3754 5143
4029 5026
6320 6270
4186 4935
4007 5104
6326 6318
3974 5131
4420 4695
3924 5166
3635 5443
3896 5192
4482 4608
6090 4958
4586 4444
4834 4077
4707 4255
4528 6205
4633 4386
3854 5285
3827 5335
3445 5652
4008 5207
4675 4400
7871 4316
8392 4115
4696 6151
4617 4613
4258 5109
4934 4257
3977 5433
4130 5296
4762 4580
4729 4642
4925 4460
4251 5258
4267 5284
4174 5428
4286 5297
7808 4670
4132 5527
5085 4267
4985 4587
4240 5472
4018 7799
3336 9630
5114 4184
8797 6175
4213 7470
7559 6463
4165 7609
8169 6287
4212 7510
6423 5370
4241 7620
7203 5096
4485 5287
6811 5224
6342 5484
4961 4828
8815 6283
6741 5303
9302 4626
8204 6481
6682 5401
9617 4630
4978 4892
6336 7539
6295 7627
4019 8568
4479 5462
4235 8153
4329 7907
6421 7605
4589 5330
3980 8895
6762 5499
6850 5458
7819 6874
8294 5080
8686 6634
9807 4849
7711 5336
4531 7676
5111 4899
4786 5355
6829 7817
4100 9425
5201 4714
8104 5318
5143 5005
7094 8216
6494 8863
7517 7929
4728 7976
4465 8949
7919 7803
8674 7380
5275 4885
8557 7573
6715 9133
8142 7921
4920 7909
8295 7942
4712 8481
7641 8502
8056 8196
8038 8215
8296 8183
7342 8974
5025 8091
7295 9195
8369 8578
8235 8731
8621 8738
8243 9228
8111 9484
9023 8775
9670 8522
8185 9744
8248 9697
8280 9857
9597 9672
9331 9900
5162 9010
5142 9254
5163 9767
