943455602 1280491811
1
sift 53
2041 2236
30 14
22 12
231 38
45 25
51 1231
110 72
131 90
115 85
1497 1011
140 81
751 1145
166 115
672 2658
265 131
343 136
263 172
339 225
1815 129
460 476
700 281
536 513
611 456
512 561
679 494
909 450
767 517
916 855
915 902
1138 730
961 1040
1232 999
1210 1074
1267 1143
1510 1106
1755 1336
1813 1421
1939 1356
2064 1469
2219 1440
2005 1854
1972 1978
2655 1632
2592 2039
2867 1941
2230 2626
2945 2080
3060 2171
3024 2240
3123 2142
3113 2358
2989 2542
3133 2405
943455602 1563760413
1
sift 125
29 48
26 34
58 67
33 62
45 44
62 115
87 61
100 130
108 143
78 74
131 171
83 82
284 573
173 250
94 104
246 356
93 110
345 452
2939 173
115 100
375 834
111 151
656 681
1827 1560
167 183
3077 4179
196 243
785 911
202 307
289 432
1009 814
373 582
462 499
962 859
349 622
339 651
925 909
635 468
433 701
870 1065
343 971
374 958
930 1088
915 479
578 856
1031 1263
530 1006
639 1011
1027 1369
686 1101
827 938
1273 1416
888 920
698 1338
1202 1710
742 1292
951 1033
1491 1823
837 1249
948 1547
1296 2182
1210 1177
1185 1391
1771 1630
1150 1625
764 2627
1542 2039
1151 1699
1173 1830
2217 1571
1147 1939
1132 2199
1784 2092
1287 2093
1138 2428
1640 2743
1457 1927
1421 2029
1778 2523
1357 2290
1281 2470
2030 3035
1310 2449
1670 2019
2061 3405
1906 1745
1693 2123
2485 2820
1622 2265
1522 2579
2624 2912
1654 2503
1590 2728
2493 3206
1839 2303
1843 2434
2776 2969
2136 2281
1985 2793
2794 3053
2005 2857
2162 2776
2610 3716
2129 2988
1872 3533
2806 3993
2204 2952
2463 2778
3005 4365
1821 4117
2705 2639
2846 4936
1917 3892
2091 3761
3066 4778
2418 3190
2444 3486
2384 3899
2179 4747
2524 3907
3010 3303
2521 4029
2844 3612
2507 5088
2791 5033
