951426046 1400325867
1
sift 317
135 123
276 220
321 315
306 259
386 270
403 366
387 318
480 352
412 370
474 363
512 393
616 419
496 428
563 382
529 496
530 432
615 396
709 725
583 458
663 490
748 720
687 481
724 485
847 695
763 492
811 571
1028 763
803 612
922 544
942 860
901 579
897 593
988 826
989 659
1018 687
925 896
946 737
1255 788
1093 865
1062 921
1096 898
1105 887
1046 943
1179 912
1230 859
1226 867
1150 963
1117 975
1021 1084
1388 825
1234 929
1303 878
1464 773
1250 1039
1273 985
1221 1058
1370 1034
1329 997
1507 922
1145 1231
1364 1061
1581 899
1189 1209
1498 954
1218 1259
1285 1146
1038 1381
1568 1002
1656 968
1485 1073
1282 1278
1080 1472
1335 1256
1478 1141
1486 1149
1410 1228
1680 1226
1598 1124
1492 1406
1648 1287
1683 1254
1655 1283
1694 1280
1470 1522
1525 1466
1767 1255
1497 1548
2174 1098
1821 1271
1910 1347
1825 1306
1895 1335
2079 1463
2083 1245
1808 1411
1675 1917
1687 1564
2049 1368
2075 1676
2030 1385
1785 1578
2388 1653
1797 1681
2055 1470
2581 1598
2088 1483
1991 1590
2190 1943
2061 1699
2371 1444
2327 1901
2530 1375
2348 1479
2481 1924
2224 1601
1969 1833
2443 1984
2136 1703
1750 2126
2727 1989
2071 1804
2310 1662
2650 2063
2151 1820
2579 1533
2739 2037
2438 1718
2829 1547
3231 1919
2526 1720
2356 1880
2647 2478
2449 1912
2462 1942
2840 2385
2687 1811
2257 2202
2887 2398
2591 1952
2718 1862
2698 2564
3083 1719
3042 1771
2596 2666
2745 1996
2708 2035
2936 2433
2413 2276
2920 1910
2926 2457
2533 2150
2545 2188
2974 2473
2651 2137
2458 2346
2751 2698
2858 2045
2995 2072
3000 2706
3358 1889
3068 2110
2886 3004
2914 2233
3161 2116
3634 2485
3080 2238
2538 2686
3512 2654
3487 2013
3282 2130
3490 2778
3568 2039
3259 2329
4001 2488
3004 2633
3197 2502
3558 2853
4242 1995
3427 2416
4007 2695
3726 2203
3220 2716
3768 3021
4004 2176
4308 2134
3897 3225
3912 2378
3920 2405
4366 3290
3383 2836
3513 2760
5052 2908
3708 2631
3401 2896
4342 3589
3661 2672
3127 3184
4608 3759
2631 3895
3580 2825
4180 4380
4062 2548
3348 3162
5300 3459
3756 2975
3809 2939
4948 4038
4134 2758
3751 3016
4941 4079
4273 2750
4209 2844
4971 4362
4129 2889
4068 2930
4225 5176
3457 3553
4336 2843
6436 3665
4437 2814
3998 3055
4824 4813
4196 2936
3859 3263
4322 5349
3966 3181
4264 3026
6361 3788
4252 3038
4530 2892
4797 4958
4297 3070
3733 3559
5605 4405
5128 2712
4278 3260
6003 4342
4615 3071
4807 2983
5005 5309
4268 3399
4766 3082
6121 4436
4995 2954
5093 3056
6455 4325
4804 3218
5240 3054
5929 4796
4719 3461
4501 3682
6215 4623
4462 3735
4629 3680
5376 5405
4380 3889
4249 4007
6514 4577
4439 3872
6337 2811
5158 5663
4630 3797
5063 3558
5409 5509
5443 3282
5194 3499
5908 5191
4881 3764
4310 4263
6193 5321
5603 3316
4445 4230
6952 4801
5088 3710
4947 3865
7156 4918
5806 3295
4830 4027
6600 5432
6317 3087
5530 3540
6660 5452
4850 4089
4954 4045
7186 5276
5241 3841
5355 3757
7191 5582
5109 4001
4191 5006
7243 5782
7266 2987
5342 4072
5506 4196
6790 3415
5780 4069
6169 3932
6435 3853
5209 4662
6627 3786
6022 4190
6723 3894
5590 4634
5772 4531
5898 4896
6562 4571
6708 4495
6223 5092
6200 5131
7210 4660
6552 5418
6370 5628
6803 5328
7084 5553
6902 5735
7423 5643
7474 5777
951426046 1563760413
1
sift 326
178 144
196 150
236 159
290 233
244 168
254 175
318 227
276 190
360 177
359 273
385 237
425 282
362 360
546 308
419 290
410 300
547 334
430 306
429 322
687 344
452 327
536 359
652 427
519 412
497 477
663 433
542 428
557 401
724 441
566 454
539 486
774 404
509 551
584 456
836 453
680 549
742 552
681 593
850 470
714 577
819 566
769 530
701 594
796 589
823 578
846 631
946 490
901 561
750 786
897 576
922 628
822 794
883 717
887 730
1051 675
803 904
1122 598
928 796
899 775
1100 629
1029 708
1303 615
862 943
909 866
1015 822
841 1001
1054 749
1112 781
886 987
1126 738
1092 838
1147 734
1186 776
1146 893
1153 839
1084 991
1077 994
1249 872
977 1120
1175 925
1225 921
1073 1045
1227 922
1276 912
1197 1008
1311 919
1161 1047
1078 1146
1317 973
1120 1107
1526 792
1510 854
1360 928
1253 1108
1447 976
1176 1180
1337 1060
1222 1225
1238 1234
1265 1267
1435 1025
1363 1186
1524 1032
1633 1289
1570 1083
1460 1215
1433 1585
1316 1506
1608 1159
1767 1172
1493 1337
1579 1272
2049 1207
1476 1399
1641 1228
1827 1445
1532 1409
1669 1261
1533 1840
1602 1540
1537 1638
1707 1751
1591 1577
1868 1325
2030 1635
1603 1680
1716 1528
1946 1705
1753 1490
1660 1741
1900 1836
1994 1481
1622 2027
2579 1307
2039 1617
2027 1688
2161 1763
1940 1828
1663 2214
2371 1670
1673 2283
1703 2284
1866 2195
2046 1882
1966 1964
2310 1831
1972 1994
1869 2119
2530 1941
2252 1746
1890 2121
2745 1926
2001 2056
2184 1906
2995 1791
1990 2115
2236 1963
2590 2098
2022 2420
2192 2235
2710 2157
2431 1981
1831 2658
2341 2638
2404 2054
2329 2191
2406 2597
2485 2156
2482 2242
3609 1897
2672 2127
2748 2178
3832 1825
2895 2129
2364 2522
2977 2345
2362 2548
2506 2443
2688 2625
2561 2431
2830 2274
3370 2237
2556 2488
2786 2380
3295 2367
2915 2314
2682 2446
3390 2324
2805 2402
2510 2678
4252 2049
2303 2964
2437 2798
3859 2305
2417 2856
1800 4227
3300 2640
3119 2459
3134 2452
4309 2273
2568 2844
2942 2679
4008 2417
3460 2384
2639 3016
3116 2990
2843 2884
3420 2556
3726 2612
2524 3366
2916 2942
3427 2767
3379 2633
3056 2927
3809 2668
3474 2661
4013 2441
3918 2735
3188 2948
3248 2902
3751 3046
3092 3104
3121 3092
3593 3183
2890 3369
3520 2773
3808 3068
3537 2782
3060 3257
3661 3248
3140 3199
3690 2772
4643 2730
3319 3299
4551 2583
4068 3041
2755 4006
3363 3345
3674 3418
3447 3259
3635 3069
3746 3387
3341 3392
3411 3353
4340 3201
3833 2976
3452 3339
4403 3325
3455 3398
3622 3269
3719 3956
4026 2979
3578 3433
4615 3355
3924 3175
3902 3225
5191 3025
4376 3056
3889 3557
5269 3048
4159 3377
4182 3375
4784 3383
3818 3700
4500 3311
4337 3685
4899 3078
4312 3501
4629 3543
4044 3664
4145 3625
5194 3212
4148 3641
4261 3647
5441 3089
4248 3702
4170 3866
3999 4012
4501 3675
4495 3680
5146 3348
4290 4056
4165 4276
3893 4471
5398 3342
4431 4143
4518 4060
5071 3791
4459 4363
5422 3584
4670 4190
5038 3923
4568 4274
4583 4340
5256 3887
5443 3834
5248 3942
4094 4984
6093 3691
5359 3874
4558 4654
6243 3768
5223 4091
4525 4794
6047 4097
5455 3988
4703 4774
5682 4486
4895 4631
5008 4732
6337 4220
5406 4357
5431 4438
5979 4762
5535 4478
6496 4061
7241 4010
6619 4042
6098 4401
6968 4927
5683 4802
5641 4937
6146 4652
6734 4407
6523 4701
7000 4458
951426046 2002237245
1
sift 69
247 309
288 281
383 286
404 362
415 499
325 712
457 519
454 561
447 608
514 592
826 689
982 899
770 1333
1436 1028
1107 1347
1682 1337
1937 1225
1110 1895
1616 1590
1755 1515
2101 1763
1640 2247
2661 1694
2925 1828
2135 2715
2193 2645
2266 2716
2509 2684
1950 3398
2996 2531
2991 2607
3505 2422
3767 2493
3191 2915
2921 3214
2735 3357
3541 2971
3051 3341
3150 3310
3301 3231
3210 3436
3888 3093
3304 3689
3688 3420
3627 3961
4204 3887
4025 4087
4429 3953
4335 4232
5145 3847
4769 4159
4872 4111
4505 4571
5538 4603
4193 6809
5486 6569
4359 7290
5065 6951
7312 4548
5484 7108
5645 7059
4771 8210
7434 6553
5862 7504
6826 7292
6263 7974
6344 8608
5894 9948
7264 8611
